select * from (
(select * from prsn_tbl where id in (117899130,
147984493,
150220449,
759919019,
105960066,
100628307,
27861396
,
123815292,
103298684,
195616673,
562016487,
642731113,
186185446,
881263403,
43417253
,
148919497,
120456020,
158799185,
142500102,
179878655,
170973153,
173429303,
186059036,
155216375,
126229479,
161761350,
343625476,
803216066,
888791780,
152459433,
349597209,
22906940
,
111664789,
959752531,
996280019,
134096919,
180699760,
686615035,
152456780,
42993264
,
329792419,
121777564,
110362479,
109201667,
180537078,
192127677,
172919122,
954666917,
121243410,
179364133,
205583902,
600190294,
197732484,
169559882,
602710882,
161946330,
476231424,
119411893,
246677826,
120134112,
172849603,
139172548,
197662556,
214711484,
175299463,
419080383,
218625562,
203966806,
45334599
,
137077578,
71038608
,
139941005,
151157359,
188830905,
210657872,
624823642,
617835275,
165394567,
104725815,
604248228,
165143332,
172065655,
114180314,
125182018,
637789648,
442911295,
882303534,
104146489,
166399045,
108375919,
164115318,
165950255,
212602368,
638276485,
112551372,
183072005,
307975567,
117684331,
334453350,
127218261,
165274857,
185039814,
105425468,
288365758,
351771553,
615836904,
691922510,
127268091,
540913456,
164802452,
918531779,
121534980,
478027496,
112596358,
396327186,
150249489,
169231168,
86025221
,
329936083,
159772935,
712804413,
103273329,
190112175,
210267935,
583695803,
136442434,
905424938,
308543982,
170038468,
830452972,
162952525,
196890878,
598832436,
629598462,
117430533,
187366866,
164086797,
673441804,
196861515,
693002659,
104805056,
158049950,
124328612,
216181863,
184306184,
198950460,
209601685,
132191831,
104959896,
212857901,
168917837,
102316602,
127969163,
170256793,
766175708,
494604381,
175192969,
235267695,
77229320
,
947774916,
78988424
,
119628213,
724358360,
6847757
,
184684219,
130475928,
124055308,
103001177,
125769941,
176657721,
169350259,
195749799,
138856283,
164590895,
208239891,
779931084,
214437589,
143008254,
659546100,
734580588,
158121855,
142358578,
198144155,
154306224,
201818526,
262849975,
169673820,
106044746,
208791986,
352209871,
117096416,
173993411,
119023606,
171370487,
695581584,
712193302,
216426986,
171375044,
476367319,
994746665,
202362587,
155825450,
78985687
,
178068883,
435618563,
715627427,
200808897,
120549329,
192793151,
126988075,
802626315,
111764628,
105354049,
203566006,
107849594,
908643085,
701261371,
431856567,
139726218,
163735051,
176913932,
138716209,
114002506,
522277132,
181786070,
186819963,
918720489,
214125631,
173058665,
445156991,
182789509,
666931798,
723854750,
790776865,
152398057,
648657679,
280235075,
828844107,
118335203,
212708196,
506017089,
114782030,
189281758,
135011661,
657948189,
209350953,
148204996,
499491116,
536830421,
474451234,
96149644
,
333383320,
164364472,
425393951,
107619848,
311813158,
116048334,
115972766,
918550212,
106321152,
147663564,
401178071,
279773697,
273737740,
314108949,
414191128,
113457901,
162474699,
115027532,
116178366,
312981500,
140156883,
147927601,
133655043,
223717550,
601671108,
943333770,
142549167,
112305062,
939346456,
180506839,
532344490,
140964159,
966089110,
146352265,
905149891,
501728872,
145053539,
99610040
,
177864930,
151464372,
111518806,
104867355,
172597047,
164017521,
561285425,
647544923,
152513886,
208592249,
189323717,
643474368,
171648440,
497304469,
256818695,
65506627
,
137379542,
803371735,
139854738,
110218147,
128547567,
181771724,
179765295,
185806313,
397157552,
430790026,
172584593,
129028840,
959830684,
376364142,
180666619,
184299992,
12118841
,
268142728,
458450863,
177298255,
201737776,
204165826,
567006382,
150685456,
132642994,
2514900
,
465904332,
250510616,
783441939,
448319805,
228006543,
216640262,
35222880
,
372349712,
120271734,
172373976,
196613670,
133560195,
100394244,
623291350,
148793169,
889194015,
33770673
,
199800458,
104056647,
406284816,
382225825,
201571114,
841032948,
601525984,
212466722,
888580260,
595043004,
184954977,
967699165,
857448634,
502283943,
569103598,
161310840,
325633706,
251952054,
181607603,
24238042
,
204634478,
117053023,
165633546,
150366511,
177906349,
208362541,
210730594,
216373812,
133658088,
110858751,
38854167
,
190038080,
886598413,
196848399,
658066009,
114554668,
687623219,
142688350,
106644347,
172748574,
711817229,
186778446,
128699094,
182947945,
238193043,
172794974,
973694144,
184005422,
659182026,
103307318,
167219446,
129287868,
166451911,
137237158,
187593618,
237388110,
146862570,
792380910,
197497414,
181035417,
987394616,
618491496,
668230888,
265972899,
157961646,
131565706,
942222992,
196652248,
84193447
,
140679437,
586552460,
203932483,
858179548,
321253128,
850636083,
315888966,
140753861,
111035092,
138834156,
101338254,
122702584,
207979419,
120159263,
789963123,
201398549,
123554948,
152039765,
406104263,
111135291,
385577100,
118522653,
120872322,
156093298,
459540546,
843722922,
915206479,
175709659,
196527011,
894007846,
128525951,
354313631,
139335069,
210131307,
185926575,
130012202,
176544081,
148263576,
144650563,
170030421,
35637625
,
167370492,
212658145,
292482109,
107909366,
454653758,
157158667,
143017382,
110787780,
989067362,
140015884,
818753078,
346761445,
119452193,
982322308,
861838154,
182359277,
119573559,
136567163,
161405697,
360083087,
181277081,
752139368,
630139601,
152680545,
433868933,
565660217,
962546061,
93909035
,
161863700,
209234700,
126424396,
140001488,
441839508,
988699452,
297567420,
949126275,
513497356,
101824427,
204065367,
948615005,
307215847,
362037350,
148157822,
152389903,
213030331,
151890744,
187690059,
141961618,
170591001,
535437456,
825406917,
354906949,
126377166,
891603081,
212621130,
111555916,
416653122,
445286738,
203088217,
96145078
,
297547384,
723669816,
834552428,
903172186,
843790058,
128006654,
134697564,
790623707,
757751153,
747618727,
194780548,
397496226,
172128685,
876795881,
164858922,
183749804,
508391952,
128040728,
140627450,
153629697,
136438439,
158985232,
180953768,
201074662,
188363641,
137919341,
216820274,
105254492,
901788345,
203203125,
30717554
,
636967471,
185520940,
320669732,
348004022,
151935612,
453962420,
713283818,
630653884,
657109865,
142927053,
184206036,
202535772,
411003516,
11304285
,
113106784,
151290389,
143411330,
933641805,
452698948,
207109336,
209830238,
11505728
,
382741907,
145472931,
159907633,
107226940,
164313410,
171403455,
100701250,
867764414,
232049710,
217714078,
253579685,
100462184,
133655433,
143506371,
181892034,
201739108,
139058855,
569634442,
103850216,
211401111,
186133480,
179858497,
123086544,
211200381,
366740103,
777606287,
844476496,
179076956,
175862447,
127130586,
962063523,
143367514,
77918895
,
138259193,
141942212,
162701233,
502648404,
134917394,
235802886,
143822824,
183912978,
117524558,
332101900,
125655806,
880322580,
137627347,
166035837,
131506573,
124824850,
156846426,
112321850,
192032328,
639103414,
140306855,
681154038,
51659234
,
141356971,
172186938,
186061101,
785384231,
784303017,
193540897,
436312134,
170146291,
163460474,
110382435,
177903090,
184229992,
192077009,
749280728,
19818471
,
213625100,
827531107,
209865472,
124441188,
206624351,
146537520,
109526174,
945303044,
16224410
,
119537836,
149788845,
925895894,
146210790,
203469852,
16792736
,
946472777,
119227473,
163705342,
786097423,
127822929,
903237788,
603685313,
630627337,
184056434,
102899274,
156706318,
211141626,
858872644,
107807365,
858914906,
201900847,
188330788,
68037769
,
193131640,
206904708,
30363778
,
118230096,
175248835,
105997281,
129841255,
153001956,
118124243,
321623613,
589077295,
649906346,
670639161,
120212668,
401149734,
109774413,
397885587,
635698517,
565487029,
142386067,
394681611,
674705092,
148641058,
386987488,
686948734,
784936736,
355013284,
211897665,
172061525,
133658342,
491985082,
365365171,
160530514,
843498240,
192029009,
165257379,
151187401,
934515806,
187457077,
321252125,
132590937,
43450016
,
109654226,
149904976,
857559256,
752970380,
81524114
,
114822544,
311422571,
815145851,
476075602,
131664854,
183213380,
183919946,
168718932,
163152738,
590050011,
700339551,
442018231,
968773340,
147449377,
402215155,
199156764,
546322244,
174602991,
524342553,
260997832,
775659189,
694325425,
377010313,
59277562
,
446382688,
224081809,
206957147,
185914571,
875238035,
131092678,
997064798,
210563449,
400452014,
166716091,
187376554,
738035258,
440837194,
540428356,
169692687,
194102405,
155713495,
67494143
,
130076646,
866089278,
142362547,
127583487,
167851562,
128977648,
207271658,
583101211,
271008711,
171091953,
871942174,
43987478
,
557659589,
107502324,
628686588,
137612585,
123022594,
856103528,
65762205
,
109031870,
140170396,
382249779,
808400183,
150816592,
119433744,
210514671,
204983943,
318938918,
163027935,
121352688,
310657229,
111431069,
455962843,
168855620,
121703166,
190589970,
189382426,
304275710,
22610930
,
127901338,
358303483,
538857875,
430093172,
154103047,
670230713,
150761618,
193638835,
236692977,
103051578,
140796839,
106332576,
174711679,
196995447,
975528461,
173942766,
214284646,
135761564,
170184311,
650065250,
198649812,
508640664,
327731688,
130223127,
23563863
,
112226567,
310141619,
402109911,
128820934,
118224761,
191134037,
60325433
,
339380537,
59676610
,
865849265,
202766423,
300990664,
537653008,
132728238,
629182315,
155765559,
118552783,
483930601,
210138325,
232555610,
100137907,
917023362,
932430814,
310802940,
256714852,
108593842,
134883651,
493643998,
382201471,
333155175,
174340555,
118837524,
803333886,
206381015,
954959360,
330803419,
269420778,
730964934,
718589055,
174489761,
451774026,
162325298,
629468216,
145657269,
778965608,
106708267,
107042130,
200388418,
784396815,
194471915,
257610809,
356218356,
200850535,
865628837,
476048371,
185728462,
185236366,
117833890,
730669951,
323438524,
195236171,
249810189,
110387639,
315751999,
208042502,
186464763,
400467962,
828128596,
176240817,
665750004,
908979725,
147599025,
143221640,
193503110,
172842772,
155141104,
54436053
,
140073768,
153996555,
4000769
,
199593017,
846037102,
177923625,
252077975,
168751178,
138415601,
129503401,
655921897,
194902197,
108546092,
62097773
,
184806280,
329633907,
133740954,
132204180,
788352989,
14194845
,
796398029,
200211051,
195423605,
211996984,
74804053
,
103081288,
977959810,
490053330,
617745280,
946640778,
200172308,
593553483,
129857435,
162191046,
240296612,
976577874,
679863375,
158475206,
183754481,
195302329,
163178729,
393774524,
210636390,
105343965,
147676086,
165170289,
206337472,
135921538,
143090055,
952348297,
100839605,
54512974
,
124564380,
336771936,
191088085,
61520369
,
179054190,
213631140,
608835323,
172591221,
445105440,
514453074,
159531046,
128377172,
451199981,
904736202,
892801835,
373158714,
17819595
,
204570604,
712098634,
109629657,
62700724
,
191368608,
957281027,
114238896,
107300009,
753652072,
110901700,
116469496,
167219307,
93473395
,
473086627,
165233683,
672162261,
206336128,
591948012,
192320585,
724403407,
186876107,
895470931,
150151940,
213632333,
162942653,
313257620)
) union all 
(select * from prsn_tbl where id in (622269033,
163595545,
128739321,
201516961,
728136507,
513344527,
54410676
,
564858725,
198408436,
210326487,
628714396,
137309452,
725727347,
513558763,
160847696,
48133398
,
25362208
,
118957634,
180413224,
873933819,
693507141,
179372007,
144638748,
869828588,
139460858,
558443194,
207117790,
164459565,
172086669,
937122354,
439266508,
164905822,
306027380,
400041581,
119380040,
469297502,
181703671,
108407513,
187668322,
133225454,
825763331,
102492430,
930402905,
441918892,
624035105,
19997669
,
186493627,
668383932,
448559290,
113113256,
212421162,
717281099,
731407195,
142722921,
145347878,
117361146,
130077661,
307652038,
150161434,
624254402,
175915629,
41884681
,
122340196,
632874204,
827317385,
103078708,
110294724,
716953111,
422975628,
699305875,
105024719,
198111361,
113794593,
63809356
,
883964092,
198240315,
107597660,
206976610,
205842103,
180843065,
162278258,
200151011,
602796242,
511934941,
486348854,
970282964,
107303890,
114315248,
156251900,
195240646,
556455506,
153463051,
632332832,
110670051,
42029417
,
139778454,
930931694,
117170818,
210859749,
174245428,
962131519,
257549120,
136157591,
103054514,
123555191,
517007266,
151819521,
154275442,
920829780,
189925907,
152556019,
179981728,
156468193,
940733969,
129753867,
700776253,
194553333,
7108245
,
708822938,
810687813,
328629639,
165033040,
188387996,
108342194,
110675954,
616137763,
141343974,
156678147,
206000066,
541049099,
484059446,
397573179,
113187676,
202924949,
122793828,
66869335
,
208066484,
781097096,
197744712,
674190426,
686515738,
942424678,
489671836,
198381576,
116633674,
236456763,
526987249,
166847797,
823148772,
191573029,
205059652,
37800292
,
40131428
,
206752969,
189242330,
148472151,
164712048,
103507037,
348942040,
197270807,
451684084,
925715917,
136149422,
306466289,
101533865,
156745194,
822409472,
769048871,
117764696,
179090820,
231185815,
174402230,
176128898,
164774678,
167755731,
197372536,
159294919,
890942034,
809857673,
586261390,
797532455,
728479943,
126202536,
884086525,
878014527,
512503733,
151363703,
165578076,
111532598,
665335252,
132405713,
113798624,
906693435,
580506850,
197461700,
109033105,
188973508,
126470891,
100983157,
1128640
,
118752693,
674659682,
203699447,
805371444,
392312882,
807756110,
107349393,
753591292,
132682866,
101449209,
203028966,
109675987,
177907660,
123025278,
153561518,
168042816,
776750004,
227474619,
131873084,
102478021,
208118941,
189357834,
138568443,
514835631,
842754730,
131675711,
122730226,
213123110,
139807153,
179502556,
166634371,
148596865,
3619750
,
187254768,
103403188,
585051311,
212654098,
193153041,
34865601
,
888361908,
104404944,
284593804,
164503089,
207065118,
232060586,
186415611,
204596233,
910775354,
568487643,
128789659,
646143913,
154583794,
104448730,
662015269,
186059498,
653513438,
170292435,
182791306,
563959490,
165541787,
808984895,
182175590,
645750064,
149282207,
506733643,
127038686,
622619029,
201767231,
195890240,
108218281,
114035869,
910355015,
869195418,
403018305,
133642441,
370957015,
934797218,
147473271,
440255514,
975855943,
131526908,
779435443,
311695316,
208870848,
193712712,
192687242,
202376568,
158916362,
26742906
,
198366899,
191234096,
112283263,
827833749,
158274976,
685630789,
990078190,
954447807,
126490909,
194939844,
282880301,
604098510,
123641827,
108383185,
454578076,
134995326,
464978481,
819927892,
103817256,
709197081,
822415587,
171313788,
122785870,
108272349,
134289278,
105997481,
118192956,
140216342,
152474824,
156615040,
182892189,
774861310,
422590103,
920847279,
677663457,
179097082,
119541947,
868552447,
208305610,
160358510,
305430219,
129757909,
706219467,
177844499,
467477905,
250698183,
451744782,
206212334,
829655945,
240776977,
178486634,
151503928,
135661815,
179551136,
430677215,
141770777,
55753502
,
916441490,
138503645,
190641425,
546881616,
189511157,
352025712,
776182582,
567898430,
160122312,
174637874,
172320619,
200355941,
387105155,
177071331,
83728962
,
132365386,
103290637,
371448810,
213373798,
103462190,
940848480,
164781124,
202664917,
174618405,
132421646,
165813459,
132040728,
222631359,
103000390,
772030755,
635072800,
248468662,
156389756,
116140577,
751701248,
229943603,
165175878,
158263023,
203248605,
437570756,
692415976,
114064033,
6201021
,
137515776,
487282580,
161769856,
105764289,
201655274,
196830293,
475817669,
112396760,
204720026,
206466079,
115919825,
820847632,
132600785,
208691348,
118202432,
194989697,
393845557,
169343038,
189022976,
588119518,
75663038
,
102695723,
198888748,
295118910,
166277350,
317406716,
675662455,
720251644,
364421068,
772726827,
168674113,
882971693,
196425676,
519181712,
520234581,
151922865,
279256417,
129226189,
121844911,
158689920,
147837093,
851840464,
540677126,
170991151,
206085051,
328071063,
133351244,
426186498,
865025423,
107424150,
542942477,
138284785,
110045230,
134391313,
158600546,
685660637,
199552411,
137891445,
176475121,
197947505,
519224078,
268379772,
116126280,
878822798,
547560128,
406671734,
108248296,
189544436,
444498611,
493903794,
349689863,
201612382,
249972862,
104244141,
506580877,
196044008,
186565734,
250756722,
178208446,
166726286,
182131349,
110287803,
200961545,
136582140,
121391382,
42271463
,
2338480
,
141132516,
127026329,
182287765,
192038878,
186000821,
145204690,
197302751,
146034583,
979856001,
179612389,
149373239,
453656718,
175534959,
794758301,
170578676,
185919923,
873953578,
213789406,
230892371,
51586893
,
120877468,
513577068,
175918259,
318371784,
212750927,
155443481,
737285176,
149859753,
160017187,
906413359,
325852815,
124025262,
209201669,
205350403,
659685374,
474466786,
168134727,
900305310,
116617963,
352041252,
155460836,
681727991,
790324164,
171843635,
100528171,
572359423,
932627852,
153331023,
154767500,
583591505,
425388859,
762485023,
179361769,
768460349,
185979293,
159208398,
108258912,
258139710,
565670190,
229334285,
777394641,
103634869,
818972987,
104673787,
167831345,
211193853,
782203535,
546994075,
415440739,
132852234,
130353714,
161121661,
658883978,
248400477,
489514681,
317885116,
73405090
,
183984548,
196334397,
517900377,
122318544,
193616162,
203546146,
460543832,
873125194,
495261934,
536870043,
108584005,
81104158
,
161345058,
210679561,
137180205,
143744014,
172413418,
964678408,
133667512,
105797466,
652231539,
500098985,
784803585,
192130504,
160321358,
303639559,
100361769,
766314659,
185002570,
873703205,
110081938,
154750179,
12276219
,
149407217,
177521307,
708768337,
180319965,
198401057,
104870385,
695985159,
324622050,
112307440,
919069642,
208960021,
144257616,
156044026,
43201506
,
113911321,
177658495,
883330146,
561692154,
145112097,
108559976,
417982268,
536595385,
172749044,
140074055,
504416019,
163871688,
330652237,
182950614,
798099847,
150972298,
176319897,
121988733,
65868717
,
665588361,
108841619,
147238352,
962679388,
123818696,
524340918,
191901550,
115471564,
481722231,
190300982,
141155472,
199714541,
413420645,
121689237,
174870546,
168444044,
209380059,
111202429,
821005908,
206023666,
148398916,
360505091,
185944314,
405061081,
717955581,
171983191,
104037100,
151755518,
104243847,
612405487,
905435433,
166346002,
199750534,
207839573,
118922345,
990636709,
141513875,
67744058
,
173917735,
710147077,
208589533,
150410647,
748309190,
491813688,
132650183,
104024746,
320950432,
501958588,
124875878,
191518021,
105758883,
870033255,
106636243,
206748814,
114433252,
101834393,
101665456,
193926839,
705894701,
248337531,
68306491
,
124598785,
102357555,
155076957,
565023411,
179737815,
160338813,
176619449,
198445999,
155939822,
423305508,
103061095,
134997666,
937910660,
150041107,
802307784,
432874814,
901465292,
143072766,
36005701
,
208511624,
53323901
,
115185591,
645442878,
102782931,
112705613,
149290964,
110872819,
132363424,
844404635,
631048091,
89089419
,
107546869,
197995951,
766779201,
989599334,
550257058,
851302222,
113855608,
184853123,
387502072,
162647755,
209861327,
522895166,
791009957,
123242095,
147729060,
121693927,
109449312,
105286764,
140514418,
131225886,
116607632,
205185935,
115438085,
111547045,
815824894,
214564148,
156907809,
469960476,
856497521,
171118164,
181579892,
810478817,
146223601,
50318386
,
72329940
,
150429564,
103093329,
158454019,
84955691
,
931883341,
185424804,
212989582,
115277702,
969089105,
192542155,
152099465,
160267191,
849775645,
158244607,
127940682,
155485938,
126161913,
207576338,
189270865,
537909358,
983812494,
144892926,
441805406,
266734413,
930542028,
119807356,
909889946,
195549686,
185766962,
356559285,
203686866,
141995015,
818780032,
158613424,
28306881
,
110848833,
568896730,
160742605,
866704103,
735781875,
195107229,
847580577,
212036240,
180495997,
480631834,
155135180,
419455324,
154409202,
186108926,
697677443,
204239862,
673954826,
100170446,
179828382,
170010530,
171741780,
112102735,
142478569,
156918319,
159143539,
783377442,
383631466,
533974595,
169322928,
143988467,
11487875
,
700419436,
155905017,
209646253,
185541335,
156988299,
121213660,
105370284,
137776130,
943468039,
122808795,
771520614,
168278322,
127076954,
189313242,
108465138,
305781681,
165773492,
115476283,
144828021,
152586078,
218573100,
501687055,
421375616,
131454401,
171343495,
118600183,
114136351,
198493277,
128011874,
206598829,
255378991,
181712288,
321926051,
684151831,
153161246,
89866957
,
113415830,
205466112,
614090985,
931374933,
252233857,
203051638,
721283958,
104095018,
272237098,
644001654,
174220927,
334642316,
806329550,
121463599,
205039341,
964965123,
201503268,
651065039,
252461636,
357832047,
197940897,
181592526,
827467398,
504647066,
424578934,
106259082,
726286565,
100840219,
171711788,
234383175,
116628962,
185091825,
163324605,
526491876,
189219699,
199674857,
613559387,
495687469,
210468756,
424825585,
210776732,
201624877,
517439479,
189200556,
278257175,
801514528,
135930105,
163420597,
225388619,
175776030,
805366593,
144071882,
166697340,
130981288,
103399251,
145957038,
161004020,
369423096,
208058140,
712329496,
140489466,
128445154,
188120377,
752938136,
526592272,
849183040,
108101470,
600379514,
122146980,
113229125,
767194358,
6156649
,
199685796,
518623188,
889023615,
155067419,
183167864,
894470302,
105788131,
596570401,
693548149,
117121193,
132580375,
740770560,
120936684,
54961403
,
122255037,
124466455,
52131916
,
292229153,
163038545,
209410495,
171118025,
117859148,
140008058,
892171984,
144499644,
141132189,
714290607,
495066945,
178673606,
673105725,
526484741,
807967383,
204390296,
49398167
,
123719431,
150942843,
301523336,
204041073,
200150740,
181882307,
73742321
,
167133920,
157834321,
178264127,
108366210,
146618958,
142240609,
121191183,
211171145,
104586095,
382586945,
385277908,
191123335,
941989346,
545513695,
160103951,
837727152,
139460668,
776153982,
196331927,
192929755,
406625924,
106182127,
460782751,
153794689,
177600108,
908463385,
588917735,
310834209,
925604919,
88761495
,
641449384,
926088799,
108210148,
158177341,
101023830,
20822540
,
191432036,
137580091,
172870361)
));