1178991303
1479844933
1502204493
759919019
1059600664
1006283070
27861396
1238152923
1032986844
1956166738
562016487
642731113
186185446
881263403
43417253
1489194974
1204560202
1587991852
1425001028
179878655
1709731531
1734293033
1860590365
1552163755
1262294797
1617613508
343625476
803216066
888791780
1524594331
349597209
22906940
1116647894
959752531
996280019
1340969193
1806997606
686615035
152456780
42993264
329792419
1217775640
1103624795
1092016678
1805370787
1921276771
1729191222
954666917
1212434103
1793641338
2055839029
600190294
1977324844
1695598822
602710882
161946330
476231424
1194118930
246677826
1201341124
172849603
1391725487
1976625568
2147114848
1752994638
419080383
218625562
2039668066
45334599
1370775784
71038608
1399410050
1511573592
1888309052
2106578729
624823642
617835275
1653945677
1047258152
604248228
1651433327
1720656558
1141803147
1251820185
637789648
442911295
882303534
1041464896
1663990453
1083759193
1641153184
1659502552
2126023683
638276485
1125513728
1830720059
307975567
1176843310
334453350
127218261
165274857
1850398147
1054254683
288365758
351771553
615836904
691922510
127268091
540913456
1648024523
918531779
1215349807
478027496
1125963588
396327186
1502494897
1692311684
86025221
329936083
1597729355
712804413
1032733295
1901121752
2102679353
583695803
1364424341
905424938
308543982
1700384689
830452972
1629525253
1968908780
598832436
629598462
1174305335
1873668669
1640867978
673441804
1968615158
693002659
1048050566
1580499500
1243286122
216181863
1843061847
1989504601
2096016853
1321918313
1049598964
2128579012
1689178377
1023166026
1279691630
1702567933
766175708
494604381
175192969
235267695
77229320
947774916
78988424
1196282131
724358360
6847757
1846842199
1304759289
1240553088
1030011775
1257699419
1766577212
1693502593
1957497990
1388562831
1645908950
2082398918
779931084
2144375898
1430082542
659546100
734580588
1581218551
1423585787
1981441550
1543062242
2018185267
262849975
1696738201
1060447462
2087919865
352209871
1170964166
1739934115
1190236069
1713704871
695581584
712193302
216426986
1713750445
476367319
994746665
2023625876
1558254506
78985687
1780688834
435618563
715627427
2008088978
1205493295
1927931516
1269880752
802626315
1117646282
1053540499
2035660061
1078495947
908643085
701261371
431856567
1397262180
1637350516
1769139322
1387162099
1140025062
522277132
1817860707
186819963
918720489
2141256315
173058665
445156991
1827895097
666931798
723854750
790776865
1523980579
648657679
280235075
828844107
1183352030
2127081961
506017089
114782030
1892817589
1350116610
657948189
2093509531
1482049960
499491116
536830421
474451234
96149644
333383320
1643644721
425393951
1076198484
311813158
1160483340
1159727669
918550212
1063211522
1476635649
401178071
279773697
273737740
314108949
414191128
1134579011
1624746990
1150275326
116178366
312981500
1401568837
1479276011
1336550433
223717550
601671108
943333770
1425491674
1123050620
939346456
1805068398
532344490
1409641596
966089110
1463522651
905149891
501728872
1450535399
99610040
1778649304
1514643728
1115188060
1048673550
1725970477
164017521
561285425
647544923
1525138863
2085922490
1893237179
643474368
1716484400
497304469
256818695
65506627
1373795425
803371735
1398547388
1102181476
1285475671
1817717242
1797652959
1858063137
397157552
430790026
1725845933
129028840
959830684
376364142
1806666199
1842999921
12118841
268142728
458450863
1772982555
2017377763
2041658267
567006382
1506854561
1326429945
2514900
465904332
250510616
783441939
448319805
228006543
216640262
35222880
372349712
120271734
172373976
1966136703
1335601956
1003942443
623291350
1487931695
889194015
33770673
199800458
1040566472
406284816
382225825
2015711144
841032948
601525984
2124667228
888580260
595043004
1849549775
967699165
857448634
502283943
569103598
1613108405
325633706
251952054
1816076037
24238042
2046344783
1170530239
165633546
1503665117
1779063493
2083625412
2107305942
216373812
1336580889
1108587518
38854167
1900380801
886598413
1968483990
658066009
1145546688
687623219
1426883505
1066443479
1727485742
711817229
1867784464
1286990943
1829479453
238193043
1727949742
973694144
1840054224
659182026
1033073187
1672194468
1292878680
1664519114
1372371581
1875936184
237388110
146862570
792380910
1974974142
1810354174
987394616
618491496
668230888
265972899
1579616465
1315657066
942222992
1966522480
84193447
1406794370
586552460
2039324830
858179548
321253128
850636083
315888966
1407538611
1110350925
1388341564
1013382547
1227025845
2079794194
1201592632
789963123
201398549
1235549488
1520397653
406104263
1111352916
385577100
1185226536
120872322
1560932983
459540546
843722922
915206479
175709659
1965270117
894007846
1285259510
354313631
1393350690
2101313074
1859265757
1300122023
1765440815
1482635764
1446505633
1700304218
35637625
167370492
212658145
292482109
1079093669
454653758
157158667
1430173828
1107877805
989067362
1400158849
818753078
346761445
1194521939
982322308
861838154
1823592778
1195735599
1365671636
1614056972
360083087
181277081
752139368
630139601
1526805451
433868933
565660217
962546061
93909035
1618637002
2092347009
1264243965
140001488
441839508
988699452
297567420
949126275
513497356
101824427
2040653670
948615005
307215847
362037350
1481578227
1523899033
213030331
1518907446
1876900592
1419616188
1705910012
535437456
825406917
354906949
1263771668
891603081
2126211305
1115559161
416653122
445286738
2030882171
96145078
297547384
723669816
834552428
903172186
843790058
1280066545
1346975649
790623707
757751153
747618727
1947805482
397496226
1721286855
876795881
1648589228
1837498045
508391952
1280407281
1406274503
1536296978
136438439
1589852325
1809537681
201074662
1883636410
137919341
216820274
1052544920
901788345
2032031252
30717554
636967471
1855209405
320669732
348004022
1519356125
453962420
713283818
630653884
657109865
1429270532
1842060364
2025357725
411003516
11304285
1131067845
1512903895
1434113307
933641805
452698948
2071093365
2098302389
11505728
382741907
1454729313
1599076336
107226940
1643134103
1714034555
100701250
867764414
232049710
217714078
253579685
1004621840
1336554338
1435063719
1818920344
2017391083
1390588550
569634442
103850216
2114011115
1861334806
1798584974
1230865449
211200381
366740103
777606287
844476496
179076956
1758624472
1271305865
962063523
1433675143
77918895
1382591934
1419422122
1627012333
502648404
1349173940
235802886
1438228245
1839129781
1175245587
332101900
1256558069
880322580
1376273478
1660358378
1315065731
1248248506
1568464264
1123218507
1920323289
639103414
1403068555
681154038
51659234
1413569719
1721869382
1860611011
785384231
784303017
1935408972
436312134
170146291
1634604741
1103824353
177903090
1842299928
192077009
749280728
19818471
2136251008
827531107
2098654727
1244411880
2066243515
1465375208
1095261749
945303044
16224410
1195378366
1497888456
925895894
1462107903
2034698527
16792736
946472777
1192274738
1637053428
786097423
127822929
903237788
603685313
630627337
1840564345
1028992747
1567063182
2111416261
858872644
1078073650
858914906
2019008472
1883307887
68037769
1931316402
2069047085
30363778
1182300967
1752488352
1059972815
1298412557
1530019569
1181242430
321623613
589077295
649906346
670639161
1202126680
401149734
1097744132
397885587
635698517
565487029
1423860679
394681611
674705092
1486410581
386987488
686948734
784936736
355013284
2118976652
1720615256
1336583422
491985082
365365171
1605305144
843498240
1920290090
1652573791
1511874018
934515806
1874570777
321252125
1325909372
43450016
1096542268
1499049766
857559256
752970380
81524114
1148225442
311422571
815145851
476075602
1316648548
1832133802
1839199465
168718932
1631527380
590050011
700339551
442018231
968773340
1474493770
402215155
1991567646
546322244
1746029914
524342553
260997832
775659189
694325425
377010313
59277562
446382688
224081809
2069571472
1859145710
875238035
1310926785
997064798
2105634493
400452014
166716091
1873765546
738035258
440837194
540428356
1696926871
1941024055
1557134951
67494143
1300766468
866089278
1423625477
1275834876
1678515629
1289776484
2072716588
583101211
271008711
1710919535
871942174
43987478
557659589
1075023246
628686588
1376125851
1230225940
856103528
65762205
1090318708
1401703968
382249779
808400183
1508165923
1194337442
2105146710
2049839438
318938918
1630279353
1213526886
310657229
1114310693
455962843
1688556203
1217031660
1905899700
1893824267
304275710
22610930
1279013387
358303483
538857875
430093172
1541030479
670230713
1507616183
1936388359
236692977
103051578
1407968397
1063325761
1747116795
1969954473
975528461
1739427661
2142846468
1357615647
1701843114
650065250
1986498128
508640664
327731688
1302231271
23563863
1122265674
310141619
402109911
1288209340
1182247615
1911340375
60325433
339380537
59676610
865849265
2027664231
300990664
537653008
1327282384
629182315
1557655595
1185527832
483930601
2101383256
232555610
1001379077
917023362
932430814
310802940
256714852
108593842
1348836516
493643998
382201471
333155175
1743405550
1188375249
803333886
206381015
954959360
330803419
269420778
730964934
718589055
1744897619
451774026
1623252987
629468216
145657269
778965608
1067082671
107042130
2003884181
784396815
1944719155
257610809
356218356
2008505353
865628837
476048371
1857284620
185236366
117833890
730669951
323438524
1952361714
249810189
1103876393
315751999
208042502
1864647636
400467962
828128596
1762408174
665750004
908979725
1475990257
1432216402
1935031103
1728427726
1551411042
54436053
1400737688
1539965558
4000769
1995930175
846037102
1779236250
252077975
1687511784
1384156012
1295034019
655921897
1949021973
1085460922
62097773
1848062803
329633907
1337409546
132204180
788352989
14194845
796398029
2002110516
1954236056
2119969845
74804053
1030812882
977959810
490053330
617745280
946640778
2001723084
593553483
1298574358
1621910467
240296612
976577874
679863375
1584752062
1837544814
1953023291
1631787291
393774524
210636390
1053439657
147676086
1651702899
2063374722
1359215383
1430900559
952348297
1008396057
54512974
1245643805
336771936
1910880855
61520369
1790541907
2136311408
608835323
1725912212
445105440
514453074
1595310467
1283771723
451199981
904736202
892801835
373158714
17819595
2045706044
712098634
1096296571
62700724
191368608
957281027
1142388961
107300009
753652072
1109017008
1164694962
1672193074
93473395
473086627
1652336831
672162261
2063361282
591948012
1923205855
724403407
1868761077
895470931
1501519406
2136323338
1629426531
313257620
622269033
1635955457
1287393215
2015169616
728136507
513344527
54410676
564858725
1984084361
2103264873
628714396
1373094525
725727347
513558763
160847696
48133398
25362208
1189576340
1804132249
873933819
693507141
179372007
144638748
869828588
1394608589
558443194
2071177901
164459565
1720866699
937122354
439266508
1649058225
306027380
400041581
1193800403
469297502
1817036715
1084075134
187668322
1332254547
825763331
102492430
930402905
441918892
624035105
19997669
1864936272
668383932
448559290
1131132568
2124211627
717281099
731407195
1427229218
1453478781
1173611461
1300776610
307652038
1501614347
624254402
1759156298
41884681
1223401962
632874204
827317385
1030787089
1102947245
716953111
422975628
699305875
1050247193
1981113618
1137945938
63809356
883964092
1982403153
1075976601
2069766108
2058421038
1808430659
1622782589
2001510118
602796242
511934941
486348854
970282964
1073038903
1143152482
1562519003
1952406466
556455506
1534630517
632332832
110670051
42029417
1397784546
930931694
1171708186
2108597491
1742454284
962131519
257549120
1361575918
1030545140
1235551916
517007266
1518195215
1542754420
920829780
189925907
1525560196
1799817288
1564681936
940733969
1297538674
700776253
1945533330
7108245
708822938
810687813
328629639
1650330400
1883879961
1083421945
1106759540
616137763
1413439747
1566781470
2060000668
541049099
484059446
397573179
1131876764
2029249496
1227938283
66869335
2080664846
781097096
1977447129
674190426
686515738
942424678
489671836
1983815761
1166336745
236456763
526987249
1668477974
823148772
1915730291
2050596526
37800292
40131428
2067529695
1892423305
1484721514
1647120484
1035070378
348942040
1972708074
451684084
925715917
1361494229
306466289
1015338658
1567451942
822409472
769048871
1177646960
1790908200
231185815
1744022302
1761288981
1647746787
1677557314
1973725367
1592949199
890942034
809857673
586261390
797532455
728479943
126202536
884086525
878014527
512503733
1513637030
1655780761
111532598
665335252
1324057134
1137986242
906693435
580506850
1974617008
1090331059
1889735085
1264708914
1009831574
1128640
1187526930
674659682
2036994472
805371444
392312882
807756110
1073493938
753591292
1326828669
1014492093
203028966
1096759876
177907660
123025278
1535615186
1680428162
776750004
227474619
1318730848
1024780215
2081189413
1893578344
1385684439
514835631
842754730
131675711
1227302269
2131231100
1398071538
179502556
1666343710
1485968657
3619750
1872547681
1034031886
585051311
2126540984
1931530412
34865601
888361908
1044049449
284593804
1645030899
2070651185
232060586
1864156119
2045962331
910775354
568487643
1287896593
646143913
1545837946
1044487308
662015269
1860594989
653513438
1702924359
182791306
563959490
1655417873
808984895
1821755907
645750064
1492822070
506733643
1270386861
622619029
2017672316
1958902400
108218281
114035869
910355015
869195418
403018305
1336424413
370957015
934797218
1474732711
440255514
975855943
1315269087
779435443
311695316
208870848
1937127125
1926872425
2023765681
1589163620
26742906
1983668992
1912340966
1122832632
827833749
1582749766
685630789
990078190
954447807
1264909091
1949398440
282880301
604098510
1236418272
1083831850
454578076
1349953269
464978481
819927892
1038172560
709197081
822415587
1713137881
1227858707
1082723492
1342892782
1059974814
1181929561
1402163421
1524748248
1566150408
1828921896
774861310
422590103
920847279
677663457
179097082
1195419470
868552447
2083056105
1603585101
305430219
1297579091
706219467
1778444996
467477905
250698183
451744782
206212334
829655945
240776977
178486634
1515039283
1356618152
1795511362
430677215
1417707772
55753502
916441490
1385036455
1906414259
546881616
1895111578
352025712
776182582
567898430
1601223122
1746378746
1723206192
200355941
387105155
1770713317
83728962
1323653863
103290637
371448810
2133737980
1034621904
940848480
1647811247
2026649170
1746184056
1324216463
165813459
1320407285
222631359
1030003902
772030755
635072800
248468662
1563897561
1161405779
751701248
229943603
1651758788
1582630236
2032486050
437570756
692415976
1140640330
6201021
137515776
487282580
1617698566
1057642897
2016552746
1968302938
475817669
1123967600
204720026
2064660798
1159198251
820847632
1326007854
2086913483
1182024327
1949896974
393845557
1693430380
1890229767
588119518
75663038
1026957233
1988887486
295118910
1662773509
317406716
675662455
720251644
364421068
772726827
1686741139
882971693
1964256766
519181712
520234581
1519228658
279256417
1292261895
121844911
1586899200
1478370939
851840464
540677126
1709911517
2060850518
328071063
1333512447
426186498
865025423
1074241506
542942477
1382847858
1100452300
1343913138
1586005463
685660637
1995524117
1378914451
1764751211
1979475052
519224078
268379772
1161262800
878822798
547560128
406671734
1082482967
1895444369
444498611
493903794
349689863
2016123822
249972862
1042441418
506580877
1960440089
1865657348
250756722
1782084464
1667262863
1821313495
1102878034
2009615450
1365821406
1213913829
42271463
2338480
141132516
1270263290
1822877657
1920388783
186000821
1452046909
1973027510
1460345830
979856001
1796123899
1493732395
453656718
1755349590
794758301
1705786762
1859199235
873953578
2137894060
230892371
51586893
120877468
513577068
1759182597
318371784
2127509278
155443481
737285176
1498597536
1600171879
906413359
325852815
1240252626
2092016698
2053504038
659685374
474466786
1681347272
900305310
1166179631
352041252
1554608363
681727991
790324164
1718436356
1005281711
572359423
932627852
1533310236
1547675008
583591505
425388859
762485023
1793617692
768460349
1859792930
1592083984
1082589127
258139710
565670190
229334285
777394641
1036348696
818972987
1046737873
1678313452
2111938532
782203535
546994075
415440739
1328522346
1303537148
1611216610
658883978
248400477
489514681
317885116
73405090
1839845482
1963343971
517900377
1223185446
1936161623
2035461462
460543832
873125194
495261934
536870043
1085840052
81104158
1613450588
2106795617
1371802056
1437440145
172413418
964678408
1336675123
1057974667
652231539
500098985
784803585
1921305040
1603213585
303639559
1003617691
766314659
1850025700
873703205
1100819383
1547501793
12276219
1494072176
1775213078
708768337
1803199653
1984010577
1048703851
695985159
324622050
1123074404
919069642
2089600211
1442576169
1560440265
43201506
1139113210
177658495
883330146
561692154
1451120971
1085599760
417982268
536595385
1727490447
1400740556
504416019
1638716889
330652237
1829506148
798099847
1509722983
1763198977
1219887332
65868717
665588361
1088416190
1472383525
962679388
123818696
524340918
191901550
1154715640
481722231
1903009827
1411554726
199714541
413420645
1216892374
1748705464
1684440441
209380059
1112024291
821005908
2060236663
1483989166
360505091
1859443143
405061081
717955581
1719831911
1040371004
151755518
1042438479
612405487
905435433
1663460026
1997505349
2078395730
1189223453
990636709
1415138759
67744058
1739177350
710147077
2085895335
1504106470
748309190
491813688
132650183
1040247464
320950432
501958588
1248758788
1915180212
105758883
870033255
1066362435
2067488143
114433252
101834393
1016654562
1939268397
705894701
248337531
68306491
1245987856
1023575557
1550769578
565023411
1797378150
1603388130
1766194490
1984459995
1559398228
423305508
1030610959
1349976667
937910660
1500411075
802307784
432874814
901465292
1430727661
36005701
2085116247
53323901
1151855918
645442878
1027829319
1127056134
149290964
1108728192
1323634244
844404635
631048091
89089419
1075468695
1979959515
766779201
989599334
550257058
851302222
1138556082
1848531239
387502072
1626477557
209861327
522895166
791009957
1232420957
1477290602
1216939274
1094493120
1052867643
1405144188
1312258868
1166076329
2051859358
1154380856
1115470451
815824894
2145641485
1569078097
469960476
856497521
1711181644
1815798923
810478817
1462236016
50318386
72329940
1504295643
103093329
1584540194
84955691
931883341
1854248048
2129895828
1152777024
969089105
1925421558
1520994655
1602671919
849775645
1582446076
1279406826
1554859382
1261619139
2075763386
1892708651
537909358
983812494
1448929268
441805406
266734413
930542028
1198073561
909889946
1955496867
1857669629
356559285
2036868661
1419950158
818780032
1586134246
28306881
1108488339
568896730
1607426056
866704103
735781875
1951072294
847580577
212036240
180495997
480631834
1551351809
419455324
154409202
1861089267
697677443
2042398627
673954826
1001704467
1798283827
1700105309
1717417800
1121027357
1424785697
1569183197
159143539
783377442
383631466
533974595
169322928
1439884670
11487875
700419436
1559050178
2096462538
1855413351
1569882996
1212136608
1053702846
1377761301
943468039
1228087952
771520614
1682783226
1270769542
1893132428
1084651381
305781681
1657734922
1154762833
1448280218
1525860788
218573100
501687055
421375616
1314544017
1713434951
1186001835
1141363518
1984932777
1280118744
2065988297
255378991
1817122887
321926051
684151831
1531612466
89866957
1134158302
2054661123
614090985
931374933
252233857
2030516385
721283958
1040950182
272237098
644001654
1742209279
334642316
806329550
1214635995
2050393413
964965123
2015032689
651065039
252461636
357832047
1979408973
1815925260
827467398
504647066
424578934
1062590820
726286565
1008402190
1717117886
234383175
1166289622
1850918253
1633246051
526491876
1892196990
1996748576
613559387
495687469
210468756
424825585
2107767328
2016248775
517439479
1892005569
278257175
801514528
1359301052
1634205971
225388619
1757760306
805366593
144071882
1666973408
1309812883
1033992515
1459570388
1610040202
369423096
2080581400
712329496
1404894668
1284451543
188120377
752938136
526592272
849183040
1081014707
600379514
1221469808
1132291250
767194358
6156649
1996857965
518623188
889023615
1550674199
1831678641
894470302
1057881314
596570401
693548149
1171211938
1325803755
740770560
1209366841
54961403
1222550374
124466455
52131916
292229153
1630385457
2094104954
1711180259
1178591481
140008058
892171984
1444996448
1411321897
714290607
495066945
1786736063
673105725
526484741
807967383
2043902967
49398167
1237194319
1509428439
301523336
2040410730
2001507401
1818823072
73742321
1671339201
1578343219
1782641276
1083662106
1466189581
1422406099
1211911835
2111711454
104586095
382586945
385277908
1911233359
941989346
545513695
160103951
837727152
139460668
776153982
1963319271
1929297559
406625924
1061821278
460782751
1537946891
1776001089
908463385
588917735
310834209
925604919
88761495
641449384
926088799
1082101482
1581773415
1010238307
20822540
1914320365
1375800914
1728703613
